TERM Eterm
TERM ansi
TERM *color*
TERM con[0-9]*x[0-9]*
TERM cons25
TERM console
TERM cygwin
TERM dtterm
TERM gnome
TERM hurd
TERM jfbterm
TERM konsole
TERM kterm
TERM linux
TERM linux-c
TERM mlterm
TERM putty
TERM rxvt*
TERM screen*
TERM st
TERM terminator
TERM tmux*
TERM vt100
TERM xterm*

FILE 38;2;235;219;178
DIR 1;38;2;211;134;155
LINK 38;2;131;165;152
MISSING 5;38;2;235;219;178
SETUID 3;38;2;254;128;25
EXEC 1;38;2;184;187;38
.torrent 38;2;152;151;26
.c 38;2;69;133;136
.cpp 38;2;69;133;136
.cxx 38;2;69;133;136
.c++ 38;2;69;133;136
.h 38;2;69;133;136
.json 38;2;250;189;47
.js 38;2;215;153;33
.sh 38;2;184;187;38
.zsh 38;2;184;187;38
.bash 38;2;184;187;38
.rs 38;2;254;128;25
.part 38;2;168;153;132
.parts 38;2;168;153;132
.tmp 38;2;168;153;132
.css 38;2;104;157;106
.html 38;2;104;157;106
.xhtml 38;2;104;157;106
.htm 38;2;104;157;106
.cs 38;2;104;157;106
.pl 38;2;104;157;106
.php 38;2;104;157;106
.sql 38;2;104;157;106
.py 38;2;104;157;106
.class 38;2;104;157;106
.java 38;2;104;157;106
.pdf 38;2;177;98;134
.ps 38;2;177;98;134
.djvu 38;2;177;98;134
.cbr 38;2;177;98;134
.cbz 38;2;177;98;134
.tar 38;2;251;73;52
.tgz 38;2;251;73;52
.zip 38;2;251;73;52
.gz 38;2;251;73;52
.xz 38;2;251;73;52
.bz2 38;2;251;73;52
.bz 38;2;251;73;52
.deb 38;2;251;73;52
.rpm 38;2;251;73;52
.jar 38;2;251;73;52
.rar 38;2;251;73;52
.7z 38;2;251;73;52
.ico 38;2;211;134;155
.jpg 38;2;211;134;155
.jpeg 38;2;211;134;155
.gif 38;2;211;134;155
.bmp 38;2;211;134;155
.png 38;2;211;134;155
.svg 38;2;211;134;155
.mov 38;2;211;134;155
.mpg 38;2;211;134;155
.mpeg 38;2;211;134;155
.mkv 38;2;211;134;155
.webm 38;2;211;134;155
.webp 38;2;211;134;155
.mp4 38;2;211;134;155
.avi 38;2;211;134;155
.aac 38;2;131;165;152
.m4a 38;2;131;165;152
.midi 38;2;131;165;152
.mp3 38;2;131;165;152
.ogg 38;2;131;165;152
.wav 38;2;131;165;152
